%dane
%sta³e
C1 = 0.65;
C2 = 0.85;
alpha1 = 13;
alpha2 = 16;

%punkt pracy
f1 = 78;
fd = 15;
top = 90;
h2 = 33.7852;